2 1
1 2
3
1 1 2
0 1 2
1 1 2


2 1
1 2
3
1 1 2
0 1 2
1 1 2


5 4
1 2
1 3
3 4
4 5
3
1 5 1
0 4 2
1 1 5


9 8
1 2 
2 3
3 4
4 8
8 9
4 5
5 6
6 7
3
1 9 7
0 9 7
1 6 2



5 4
1 2
2 3
3 4
4 5
3
1 1 5
0 2 4
1 1 5


7 6
1 6
6 7
1 4
4 5
1 2
2 3

8
1 7 5
0 6 5
1 7 5
1 7 3
0 7 3
1 2 5
1 5 5
1 1 1 


5 4
1 2
1 3
3 4
4 5
4
1 5 1
0 4 2
1 1 5
1 4 2



9 8
1 2
2 3
3 4
4 5
1 6
6 7
7 8
8 9
3
1 5 9
0 4 8
1 5 9


10 9
1 2
2 3
3 4
4 5
5 6
6 7
7 8
8 9
9 10
5
1 1 9
0 4 5
1 1 9
0 3 6
1 1 9




5 4
1 2
2 3
1 4
4 5
3
1 2 4
0 3 5
1 2 4


2 1
1 2
1
1 1 2


6 5
2 1
2 3
2 4
5 3
3 6
11
1 1 4
1 2 4
0 3 4
1 1 4
1 2 4
1 1 6
1 2 6
0 2 6
0 1 4
1 1 6
1 1 5


5 4
1 2
1 3
3 4
4 5
5
1 5 1
0 4 2
1 1 5



4 3
1 2
2 3
3 4
3
1 2 3
0 1 4
1 2 3


7 6
1 4
1 6
1 2
2 3
6 7
4 5

14
1 7 5
0 6 4
1 7 5
1 7 4
1 6 1
1 6 3
0 3 4
1 6 3
1 7 3
0 2 4
1 4 3
1 5 7
0 5 7
1 4 7




5 4
1 2
2 5
5 4
4 3
8
1 1 3
1 1 5
1 5 3
0 5 3
1 1 3
1 1 5
1 5 3
1 1 2


7 7
1 2
2 3
3 1
3 4
4 5
2 6
6 7
4 6


