20 30
101 110
2337 2392
2 3
5 8
10 15
17 24
26 35
37 48
51 63
66 79
3722 3843
3722 3821
3722 3799
3722 3795
3722 3794
3722 3783
3725 3821
3742 3821
3742 3818
3742 3812
3751 3843
3753 3834
3753 3827
3758 3843
3758 3839
3761 3834
3778 3843
3845 3968
3845 3949
3845 3919
3845 3912
3845 3905
3849 3949
3849 3943
3851 3935
3851 3914
3858 3935
3871 3935
3872 3968
3877 3968
3888 3968
3888 3964
3901 3968
3901 3967
3915 3968
3970 4095
3970 4049
3970 4047
3976 4049
3977 4049
4034 4095
4097 4224
4097 4213
4097 4211
4097 4181
4097 4175
4101 4211
4101 4204
4101 4199
4101 4186
4108 4186
4108 4185
4108 4184
4109 4211
4109 4199
4115 4198
4117 4198
4126 4211
4148 4211
4148 4208
4161 4224
4182 4224
4226 4355
4226 4349
4226 4334
4233 4355
4233 4334
4233 4331
4233 4330
4233 4328
4241 4355
4241 4351
4241 4344
4241 4334
4257 4334
4267 4355
4267 4354
4278 4346
4279 4354
4279 4351
4279 4349
4291 4355
4295 4355
4357 4488
4357 4449
4362 4488
4369 4479
4369 4458
4369 4454
4371 4454
4371 4452
4371 4445
4371 4439
4375 4445
4390 4454
4401 4488
4409 4484
4419 4488
4421 4488
4421 4487
4439 4488
4490 4623
4490 4616
4490 4605
4490 4575
4490 4559
4509 4605
4509 4591
4513 4623
4515 4616
4515 4598
4527 4616
4527 4601
4565 4623
4625 4760
4625 4735
4625 4731
4641 4731
4641 4724
4651 4731
4651 4724
4694 4760
4698 4760
4706 4760
4762 4899
4762 4839
4762 4829
4771 4839
4774 4839
4803 4899
4803 4883
4803 4875
4806 4883
4811 4899
4853 4899
2 4900
4490 4900
4625 4900
4762 4900
